19033    66    22    12
19034    18    28    54
19040    40    33    27
19039    25    27    48
19045    77    16    7
19051    61    24    15
19046    29    29    42
19052    51    29    20
19058    23    28    49
19063    63    22    15
19057    59    25    16
19064    54    27    19
19069    77    16    7
19070    9    22    69
19076    48    29    23
19075    45    29    26
19035    56    28    16
19041    54    28    18
19036    75    18    7
19042    7    17    76
19048    54    25    21
19047    48    34    18
19053    40    31    29
19059    79    16    5
19054    34    30    36
19060    30    28    42
19071    76    16    8
19066    19    26    55
19065    58    24    18
19072    76    19    5
19078    41    29    30
19077    29    29    42
19037    35    30    35
19038    23    28    49
19044    67    22    11
19043    14    28    58
19050    26    29    45
19049    20    26    54
19055    17    29    54
19056    17    25    58
19068    34    29    37
19067    5    14    81
19062    57    26    17
19061    13    23    64
19080    21    30    49
19079    36    27    37
19074    31    28    41
19073    37    27    36
20221    55    26    45
20222    45    26    55
20223    78    26    22
20224    64    26    36
20225    82    26    18
20227    76    26    24
20226    48    26    52
20228    40    26    60
20229    38    26    62
20231    64    26    36
20232    38    26    62
20230    39    26    61
20233    52    26    48
20234    43    26    57
20235    43    26    57
20236    59    26    41
